3.091880
2.646436
6.557471
1.762900
4.855336
4.410495
3.253526
2.681609
4.946236
5.178981
4.198955
3.559982
4.832081
2.457642
5.301058
3.055686
3.764402
3.225555
2.342060
4.637099
3.465186
5.504707
5.428287
3.242064
6.403534
3.716606
2.798468
6.106953
5.637242
3.885571
4.058710
4.086217
3.745008
4.355672
3.559754
1.531342
4.534978
2.760711
4.499178
4.499536
5.409944
3.895715
3.087325
4.344031
4.807800
4.026180
4.426605
2.085576
3.981054
4.464027
6.465306
3.774265
5.133927
3.648091
4.029278
3.609166
3.169151
4.205678
3.551733
3.755563
2.150468
2.722819
4.459627
3.717628
3.593505
4.640837
2.680672
5.105023
4.670380
3.699747
2.504897
5.965660
4.542614
2.937578
3.940868
4.491918
3.173924
3.625306
4.120847
6.445197
5.445972
5.087145
3.765820
1.164308
2.238226
3.571929
2.775590
5.231162
2.832048
2.801555
3.694273
4.984582
4.297710
3.266563
5.419757
3.993607
2.699835
6.793384
3.960629
3.814910
3.176931
1.907789
4.049801
4.242053
2.667196
2.578068
3.284183
3.314200
4.553232
3.080957
2.581145
4.809065
3.347724
5.692096
3.677005
2.482023
4.454797
2.074541
3.776192
3.425855
5.843684
2.399687
4.291534
5.969708
3.687162
4.131018
3.497470
3.343421
5.970901
5.293192
3.801758
4.433230
4.525218
4.999511
4.531006
2.974770
5.947540
3.870726
5.210096
3.836428
2.262901
3.674147
5.010861
4.774071
4.341963
3.428833
2.978026
3.667644
4.965362
4.135305
5.520183
5.833829
2.792463
3.948423
4.910141
3.568361
3.179690
6.086518
5.504071
3.502665
3.816503
3.421974
1.315941
2.683237
5.363059
2.924568
3.687435
3.525074
5.717089
3.771755
3.745726
5.105554
6.107493
2.739108
3.040855
3.902885
4.296589
2.624494
4.923276
3.864849
4.804166
5.925223
5.023856
3.650021
2.573382
3.393770
4.307964
2.433612
3.633844
5.430600
4.953169
2.107103
3.914254
4.142917
5.272744
2.881328
4.152672
3.417403
2.295040
3.578174
1.550717
3.440688
5.089436
4.559105
3.430214
3.810887
5.193089
2.554680
5.142950
4.087587
5.765337
3.598630
3.214393
2.641838
3.474369
4.286549
4.036023
5.129952
1.373849
4.324151
5.756778
5.262442
2.446670
3.408332
4.948713
3.214502
3.602831
4.446236
3.922655
3.366105
3.488931
6.037173
3.512586
3.612474
4.145312
5.113213
3.764888
4.998910
3.368798
3.673417
3.222885
2.581091
6.465273
4.412241
4.407158
6.395327
3.472291
4.089645
4.382342
4.143152
4.292909
3.632462
4.802766
4.320231
1.086939
4.537839
5.345590
2.098853
3.670595
2.075967
2.495576
5.317500
3.605088
4.870450
4.184201
4.836887
5.447507
4.144711
4.249428
4.158624
3.652691
4.809352
5.050615
5.037232
3.993548
2.814964
3.479479
4.235852
5.127137
2.719341
3.637522
4.721202
3.828325
5.756918
3.756534
3.284335
3.514703
4.896591
4.086728
4.920822
5.118041
3.371502
3.553946
5.857315
4.433179
4.056023
4.382885
5.306272
1.628905
3.514027
4.485781
4.673181
3.609144
2.659125
3.269553
2.369689
3.537677
3.908270
5.104868
4.623364
2.370055
2.776084
4.136434
5.245279
4.548253
3.906565
2.878793
3.215340
4.365726
4.287508
4.628938
1.448121
4.183660
4.366159
2.609905
3.690445
4.297828
5.379966
4.515823
6.882860
4.460499
4.495986
3.691669
5.223269
4.030654
4.912339
4.735851
2.424279
4.910049
1.943774
5.332800
6.539503
4.262377
3.291295
5.011645
3.045336
4.188791
4.169195
3.246463
3.999360
5.179487
3.158867
4.239177
3.157875
3.083201
4.447764
5.112486
2.766890
4.758405
4.823038
3.936387
2.822935
2.420599
4.305625
2.347656
4.329290
4.256288
3.079647
3.799602
3.556801
2.978484
3.049452
3.381611
3.046423
5.748209
2.800085
4.965555
2.503649
3.396799
3.877669
4.586302
2.635483
3.439257
4.413192
2.731340
3.556276
3.127058
4.247439
2.551391
4.124651
4.017340
5.280798
4.379741
3.352190
3.468387
3.195809
2.780673
2.983044
4.382999
2.569754
4.925053
3.741435
4.829100
4.708100
5.150521
1.539213
5.829500
5.985522
5.074358
4.674776
2.330566
4.398850
3.755630
4.521973
3.956562
4.067831
4.539955
4.439962
4.287628
3.654300
2.711997
3.775904
3.729039
4.423496
4.366195
2.527519
3.906251
3.840947
3.703851
4.053458
2.481672
2.817916
3.557184
4.661008
3.346034
4.041674
3.099247
4.193318
4.484091
5.526370
4.059927
2.004261
4.257329
4.503568
4.920246
4.049212
3.309114
4.916874
4.647891
2.962726
3.572295
3.886201
3.054512
3.018204
5.845865
5.166552
3.484897
4.186403
5.276977
3.880230
2.619453
3.140233
2.390587
4.687321
5.381786
4.523755
4.383797
5.199648
4.917541
2.192309
4.487409
4.524813
2.105597
5.110031
3.148933
3.927423
4.131196
3.882331
4.433060
4.869954
1.771374
2.872696
3.170646
3.761853
5.727588
4.879800
3.717632
6.211200
3.330947
5.667408
4.109479
4.635614
3.908894
5.179975
3.800174
4.706314
5.416383
3.211146
5.002626
2.621976
5.230888
3.834567
5.193587
3.687018
2.793021
2.724136
3.265934
4.444203
4.372992
4.639065
5.395422
4.107581
5.465364
3.745827
1.811754
2.887167
5.348311
1.597492
1.082983
5.262050
3.721552
4.424401
4.935148
4.983579
3.580151
3.705197
4.999643
2.616148
3.297147
3.072413
4.303930
4.258293
5.753663
4.437395
5.078831
2.791115
2.470501
4.168480
2.828176
2.891435
4.729494
5.887584
3.304348
3.287668
2.980029
4.978261
4.113077
3.599422
2.650418
4.492543
5.305475
2.880396
3.748799
3.905722
2.499214
2.217505
4.082410
3.773949
3.380014
2.350882
3.657901
5.237077
5.956386
4.566999
4.192138
5.522712
3.374394
3.366016
5.901370
2.776778
2.358929
2.547180
4.944699
3.820140
3.442351
3.685262
3.677403
3.208134
2.859186
4.837571
3.362888
4.345271
4.691566
4.431929
3.270097
2.744764
3.120091
5.375046
5.331969
5.936585
4.066196
3.363848
3.824594
4.670749
5.679994
3.054227
1.977570
4.810912
5.349116
2.182292
2.737490
3.304280
4.714404
2.294971
3.019150
4.881573
2.776203
1.672333
4.097299
4.517331
4.662118
4.939322
3.782820
3.962647
4.643852
4.116933
4.449795
2.849862
5.394745
4.565203
5.229016
2.120911
2.030125
3.909198
2.846075
2.977913
2.415668
5.796636
4.801374
5.926080
5.946704
4.973058
4.820171
4.401126
3.832240
3.581188
5.037559
2.068052
3.346657
2.016467
2.779531
4.313811
4.158718
3.179694
4.112830
2.372149
2.147739
4.990360
4.493390
3.876638
2.244013
1.887116
3.648518
4.097902
2.934325
6.145256
5.643245
5.057851
3.977936
6.161323
4.194849
4.197618
4.705301
5.016237
3.350885
4.376035
2.629092
3.460526
5.117372
4.397293
3.431587
2.976675
3.003533
4.397071
4.002250
5.466049
4.027921
3.159897
2.564777
1.951430
3.609153
5.259501
4.939172
3.011149
2.723357
4.619364
1.988245
2.058448
3.127321
2.401833
4.918190
3.773560
2.823036
5.117837
2.104280
3.098847
2.774708
3.019098
5.787272
4.796837
5.161685
3.274746
3.333934
4.124607
5.087241
3.947162
2.375451
5.033343
3.722755
3.294156
5.684800
5.062617
2.036255
2.866516
3.385996
2.416824
4.515838
3.539552
5.443464
5.338638
2.816781
5.412391
4.370210
3.870684
2.021035
5.909739
3.832366
4.211043
4.781408
2.690500
4.232172
3.767153
2.972493
6.304511
3.723505
2.429231
4.852797
3.326330
3.943982
4.434839
5.188410
4.917826
4.236278
2.970672
2.405186
3.842315
4.864970
4.197677
5.561365
2.768350
5.519303
3.438539
3.602125
5.252040
3.794778
3.735728
3.195223
1.972294
2.961745
5.028424
3.225870
3.099090
2.459567
4.834888
3.018618
4.320258
3.868131
3.391482
4.595620
4.166119
3.113984
4.390073
4.773588
3.637425
6.086731
4.816736
4.052452
5.401109
4.813974
3.763798
3.246121
3.884421
5.232192
5.284606
2.423747
2.516147
4.526171
3.887183
5.616088
2.257527
4.276808
3.098095
4.240628
1.253444
5.719459
1.921270
5.368464
3.628618
4.833535
5.299343
4.694148
3.739692
4.184481
1.815022
3.280353
6.137227
4.789370
4.485424
3.954879
3.116480
4.243794
5.032196
4.376920
3.015787
6.116930
3.131666
5.718077
3.422767
4.615301
3.536544
4.956256
5.515779
4.346530
3.755414
4.753146
2.745181
2.854258
2.485109
4.349567
5.258558
3.753656
1.459664
4.213862
3.600372
2.221051
6.026959
4.580335
4.086505
5.297396
2.780136
3.713343
3.393767
4.878318
3.294627
4.224797
4.308972
2.748702
4.136010
3.717302
5.461731
5.140123
2.567091
5.970784
4.116388
4.684201
5.169045
5.581203
3.176113
3.944533
4.772209
3.844577
4.594657
7.307938
2.805069
1.601331
3.473785
7.319414
5.063323
4.089250
3.848067
2.518358
4.728065
4.976514
5.314370
2.939401
3.373749
3.543025
2.911426
2.502097
4.762415
2.562759
4.669183
2.647676
4.333343
3.589970
2.872617
2.170092
3.042310
4.186267
4.215398
3.810043
4.347751
2.628212
6.134648
2.833457
2.999536
3.204509
5.158938
6.750162
2.712340
4.191049
4.193794
5.085789
3.986100
3.297216
4.774809
4.306026
4.702279
4.857100
3.538193
3.997226
3.939559
4.789293
3.081314
4.466815
3.427041
2.545777
3.255293
5.083418
3.860108
3.747999
4.788005
4.024681
5.280648
5.344396
5.712862
3.668589
3.323879
4.142841
3.061707
5.344945
2.035874
2.027360
3.030488
3.760074
4.474825
2.809586
2.817484
2.759874
3.342184
4.561602
4.404258
3.108823
5.256956
2.630054
4.279786
4.255231
3.971483
4.998287
4.330702
4.301533
4.147218
3.454513
4.359641
2.549493
3.969988
4.800078
2.878289
4.070282
2.643113
3.580671
2.435393
1.500747
2.295103
5.974849
4.081646
5.966133
2.727841
2.830474
4.559967
3.629385
4.695166
2.422304
4.817862
4.023564
4.486390
4.374857
5.027544
2.613734
3.561615
2.154258
3.510311
4.419906
4.774461
2.615374
4.544662
3.689357
2.551814
3.645239
3.963131
4.563585
2.303878
4.974396
4.440379
4.707881
4.170996
3.295789
4.535903
3.707351
1.928651
