3.408599
2.752188
4.490397
3.093735
4.003922
3.542270
2.983448
3.232509
4.392054
3.898094
4.015729
4.294853
4.231477
3.351562
4.526700
3.870366
4.016113
3.760266
3.036260
4.211378
3.496080
4.523447
4.406880
4.064810
4.802611
3.513091
3.621104
4.556649
4.326751
4.281375
3.143123
5.179402
4.371544
4.200496
3.922962
3.024709
4.418510
3.356404
4.307457
4.219860
4.446808
4.218323
3.272091
4.542807
4.298898
4.027318
3.882775
3.170072
4.166865
3.970550
4.613433
3.837140
4.283790
2.942962
4.310822
3.687823
3.660866
4.243712
3.884983
4.062735
2.783228
3.974003
3.783809
3.750276
3.407886
4.268823
3.670451
3.510005
4.349685
3.715568
3.651817
4.693861
5.057164
3.678716
3.753941
3.749951
3.944142
3.900845
4.181282
3.755037
4.187227
4.268061
4.100254
2.982466
4.696943
3.108324
3.632442
4.635651
3.943211
3.159420
4.048791
4.352952
3.713219
4.383073
4.190809
4.027182
4.044877
4.413476
3.514893
3.740950
3.673471
2.823244
3.959465
3.855446
3.886689
2.933812
3.951045
3.790964
3.760146
3.817417
4.146208
3.940128
3.593960
3.883270
3.246138
3.117206
4.227950
2.752853
4.093380
3.352843
6.553793
4.111821
4.328720
4.310810
4.355593
3.513513
3.706083
4.203344
4.566051
4.489699
4.223391
4.414504
4.270446
3.908116
4.208854
4.310717
4.814140
3.791237
6.536726
3.639319
3.244623
3.781403
3.953531
4.452652
4.173667
3.801113
3.703513
5.228497
5.376843
5.134973
6.551480
4.554736
3.402814
3.823645
4.281034
4.001846
4.317983
4.536378
4.293552
3.336430
4.708852
3.677841
2.881027
3.224968
4.157813
3.454875
3.789364
3.900196
6.891431
3.881261
4.229990
4.376914
4.449104
3.169779
3.769789
4.040256
3.812460
3.626665
4.167214
4.314715
4.155469
5.759378
7.006129
3.729351
3.524453
3.574691
4.336057
3.547182
4.320270
4.256707
4.244969
3.281836
4.131492
3.617623
4.591384
3.303523
4.171332
3.523180
3.536198
3.934117
2.961745
3.828221
4.494416
4.349991
3.832153
3.845337
3.944358
3.647795
4.771789
4.284703
4.411186
3.592012
3.689763
3.119467
3.353084
3.880429
4.273832
4.524589
3.500036
3.466780
4.387962
4.591241
3.548782
3.939320
4.008136
3.683406
3.147347
4.265547
3.812264
3.274895
4.068524
4.837228
3.414953
4.062931
3.724991
4.363763
3.731530
3.898393
3.541105
4.272565
3.286104
2.995031
4.408285
3.962412
3.904010
4.593769
3.530895
3.961123
4.328994
6.162497
4.319879
3.657486
4.535974
4.268771
2.524007
4.280099
4.530895
3.485315
3.514680
3.160500
2.846976
3.838395
3.990349
4.428357
4.224982
4.406704
6.175067
4.257684
3.491040
3.803038
3.860627
4.562753
4.325260
4.578453
3.938873
2.976174
3.767353
3.693284
4.331400
3.677095
3.633240
4.293279
4.007343
4.300649
4.053163
4.048158
4.018767
4.227148
3.936183
4.313943
4.620072
3.989252
3.696426
4.971853
3.630343
4.287848
4.076562
3.361878
2.726026
4.529907
4.258701
3.802263
5.692367
3.422580
3.339094
3.041480
3.704591
3.945912
5.749886
3.761801
3.906015
3.143691
4.201083
4.626047
3.756689
4.231553
3.674260
3.700427
3.832979
4.007390
4.292853
2.933004
4.029712
4.636827
3.297074
3.876774
4.235854
3.627773
4.118803
4.483759
4.350975
4.261458
3.754810
4.467915
4.448073
4.316213
4.271005
3.571579
4.378309
3.268802
4.603369
6.067243
4.326932
3.661499
3.500106
4.029112
3.631099
4.487933
3.138331
3.821851
4.611377
3.739280
4.358434
3.690471
3.542755
4.228914
4.301647
4.095913
3.700648
4.281638
4.318536
3.124954
3.243653
4.310007
3.728182
3.667136
4.338149
3.829667
3.307262
3.810758
4.127558
3.695561
3.585890
3.842747
6.437718
3.443315
3.812715
3.087667
3.426605
4.055956
4.329353
3.315572
4.029208
4.625946
3.314990
3.296183
3.502140
4.036971
3.606103
5.502898
4.131136
4.367628
3.994333
3.836663
3.919224
3.431335
3.748833
3.130575
4.341981
2.816797
4.080738
3.831695
6.627620
3.917085
4.464131
2.803462
4.606765
3.801027
4.388775
4.209063
3.223712
3.416601
3.645197
4.205705
3.758946
3.791413
4.153700
4.226128
4.192112
3.653086
3.557138
3.664565
4.425613
3.828616
4.303127
3.601973
3.833398
3.644293
3.628714
3.827507
3.575543
3.261714
3.472458
3.598084
3.819350
3.564192
3.660091
3.458001
3.571196
4.558538
4.161762
3.514476
4.066795
3.867400
3.827497
3.546002
3.979281
4.538094
4.280997
3.561662
3.887787
6.517571
4.091419
3.444957
7.226691
4.381240
4.212007
4.329772
6.540550
3.385082
3.231648
3.661837
3.264016
3.940012
4.496746
4.282680
4.281962
4.438969
4.698173
2.974524
4.117139
4.080735
3.384852
4.353158
3.599822
4.244185
3.428489
3.287760
4.117694
4.351087
3.102769
3.987756
3.263243
3.708457
4.604930
4.395847
3.799375
4.447427
3.535919
4.404016
4.512106
3.671974
4.130197
4.349145
3.866598
3.879428
4.266022
3.441400
5.389390
3.599760
6.159619
3.597906
3.879149
4.035469
3.518992
3.721771
3.365693
3.904231
4.062631
4.448483
4.553641
4.238485
3.845518
3.687564
3.335249
3.522350
4.742120
2.744079
2.654027
3.874131
3.373644
4.047888
4.165088
4.213234
3.777351
3.369160
4.217588
3.225977
3.340262
3.718300
4.159746
4.152551
4.227833
4.326775
4.118579
3.696045
3.461744
3.761239
3.864436
3.507300
4.516704
4.796533
4.213991
3.758438
3.619771
4.560404
3.960134
3.729929
3.607002
3.547126
4.249187
3.162623
4.183521
3.776622
3.548173
3.339871
4.098235
3.779112
3.261246
3.602206
3.829768
5.189101
6.249722
4.298446
4.292880
4.370916
4.025197
5.331000
4.610569
3.091494
3.078395
3.541318
4.222844
3.857300
3.745965
3.978429
4.076871
3.934274
3.909963
4.442444
3.568842
3.982774
6.401057
3.651278
3.228467
3.118458
3.712033
4.405250
4.702228
4.704418
4.250794
3.508619
3.674403
4.271048
4.228509
3.708008
3.669997
3.957406
4.207513
3.006515
3.276024
3.563342
4.191703
3.724000
3.961403
4.169127
3.769052
3.458708
4.259673
4.121938
4.583878
4.286708
3.898753
3.766847
3.478227
3.425437
4.491264
3.190767
4.642203
4.276557
4.407477
3.370255
3.152963
3.373346
2.894974
3.338657
3.647549
4.377200
3.902561
4.631027
4.193212
4.450266
4.117666
5.626698
4.120371
3.819935
4.303524
3.048509
3.210089
2.820473
3.299785
4.262382
4.019484
3.745509
3.488222
3.845376
2.639030
3.877637
3.863486
3.730242
3.609641
2.810276
3.805076
3.555975
3.507737
7.370090
6.644257
3.506977
3.738449
4.643493
4.123057
3.661383
4.442621
3.717140
3.781298
4.172781
3.001856
3.676019
4.307329
3.841309
3.938607
3.873155
3.545498
4.383530
4.049376
4.209828
3.345861
3.632376
3.429352
3.012488
3.065142
6.452695
4.323166
3.653928
3.050261
4.198255
3.950644
3.095230
3.352761
3.093408
4.359493
3.965226
3.578904
4.206242
3.463692
3.524720
3.505381
3.924866
5.850441
3.771777
4.202269
3.162456
3.295992
4.231242
5.999177
4.088695
3.087826
4.301855
4.066704
3.475627
4.570888
3.887139
3.303362
2.898545
3.616583
3.528612
4.445076
3.744030
4.448655
3.751382
4.846799
6.377185
4.289276
3.833391
3.018056
7.848956
3.715128
3.715748
3.868788
3.722679
4.264271
3.629043
3.712045
4.499826
3.628972
3.081513
4.231210
3.904114
3.871756
3.959017
4.397349
4.102520
4.078477
3.384829
3.721550
4.185227
4.459743
4.367798
4.561399
3.978200
5.531501
3.331355
2.873232
3.826153
3.994238
3.608021
3.418926
2.567171
3.910279
5.635576
3.219451
3.136782
3.618678
3.703886
3.977854
3.666596
4.155780
3.983819
4.534250
4.188037
3.942950
4.227505
4.051024
3.567310
4.120961
4.401394
3.656589
4.630365
4.918083
3.433812
3.441807
4.187755
4.550324
4.194858
4.187625
3.126807
4.399951
3.370106
4.770676
2.997743
3.508116
3.423845
3.833469
2.842200
4.633881
3.472996
4.421533
3.742115
3.684028
4.471558
4.115570
4.165989
6.334692
2.913626
3.645017
6.983493
4.056395
4.195538
3.704860
3.162286
4.194211
4.365770
3.982434
3.014407
4.408906
3.800286
4.886479
3.427257
4.410312
3.960368
4.422006
4.276994
3.697599
3.896623
4.261593
3.559067
3.301489
3.113202
4.248375
3.998135
4.010791
2.616186
6.387606
4.092596
3.084046
4.269666
4.478392
3.640649
3.742643
3.214685
2.915969
3.874058
4.757207
3.099495
3.677528
4.340033
3.632106
3.712636
3.830414
4.253496
4.272731
3.148424
4.431453
4.077020
4.310064
4.342528
4.367071
3.322306
3.860765
4.311374
3.904433
4.288398
4.926425
3.128747
2.914416
3.774317
4.472433
3.861356
3.741753
3.621827
3.845768
3.659349
6.513817
4.297792
3.137290
4.415120
3.102734
3.456346
3.663240
4.489645
2.955887
3.572234
3.538766
3.208706
3.145851
3.884996
2.999501
3.415586
3.431694
4.050228
3.811539
4.307257
2.838678
4.745617
3.511016
3.727390
3.411773
4.489915
4.054190
3.243811
4.555528
4.153696
4.579387
3.875410
3.522508
4.108267
4.135699
6.413142
4.879418
3.929990
3.945964
3.550629
4.011613
3.993763
4.453148
3.982585
3.277815
3.447501
4.248683
3.974101
4.056879
3.468946
3.795224
4.570673
4.402988
4.415010
3.429413
3.909994
3.663485
3.830393
3.529197
2.770469
3.715456
3.087084
4.242094
3.845645
3.603327
3.402879
3.144537
4.479655
4.441492
4.269182
4.197958
3.951750
3.723972
3.696246
3.701981
3.634545
4.305088
4.247912
4.171808
4.491771
3.225762
3.609819
2.801174
3.602380
3.679287
3.710085
3.728322
3.257690
3.599285
3.113309
2.840162
3.401129
4.593047
3.694282
4.553944
3.321330
3.432171
4.241896
3.876351
4.557827
3.097557
4.012618
4.241905
4.428231
4.256664
4.278610
3.592443
3.695383
3.099781
3.189663
4.215734
4.261450
3.159518
4.145843
3.706862
3.569221
3.386263
4.373361
3.951096
3.263392
4.452945
3.680590
4.189891
3.864869
3.828223
4.249358
3.747287
2.772219
