2.437223
1.161870
4.607065
1.448017
3.698195
2.916204
1.913409
2.822941
3.537678
3.793605
2.122029
2.820526
3.345115
2.335413
3.429783
2.816751
1.428118
0.647360
2.015893
3.332945
2.247047
3.899989
3.274474
2.195026
3.489219
1.578083
1.024922
4.558533
2.496361
3.300817
2.512621
3.473184
2.695661
2.913143
1.869302
1.016029
3.618186
2.100100
3.125555
3.671441
3.579068
3.296745
1.986556
3.215383
3.336279
2.099368
2.586727
1.244436
1.901813
2.865495
5.216472
0.852087
5.753097
2.025517
3.366714
3.092630
1.786703
2.947408
2.977682
3.265075
1.846359
2.111872
2.212478
2.672553
2.349351
2.702706
2.130661
2.720001
3.308861
2.623160
2.636792
3.512921
3.935019
1.534303
1.945136
3.450723
2.361507
3.100784
3.537276
3.530464
3.517741
3.206860
2.658208
1.269220
4.598915
3.551464
2.448882
3.484475
3.007237
1.416092
2.088598
2.434274
2.323421
3.007555
3.761946
2.154249
2.737680
4.875391
3.125775
3.143420
2.387510
0.833600
2.919286
3.091976
1.736259
1.488891
1.773846
3.191598
2.539010
2.732378
2.293891
3.567854
2.773875
3.168257
2.171416
2.016073
3.712487
1.125978
2.675577
2.529023
5.771074
2.546371
3.371516
3.367627
3.501713
3.085664
2.331738
2.583507
5.491545
4.290875
3.024822
3.604962
4.494221
3.657282
2.428579
3.197756
3.142297
2.947982
5.619671
2.408232
1.489685
2.334414
4.148476
4.569672
3.445722
1.722413
2.931102
4.189257
4.084990
3.537668
4.479177
4.086863
1.788680
2.620406
2.910472
2.347039
2.322854
2.969441
3.094001
2.519048
4.030525
3.101525
1.181806
1.474809
3.085137
3.024840
1.482151
3.564473
6.091415
2.573010
3.051027
3.676408
3.736484
1.666584
2.908375
2.116430
1.749666
2.076327
3.480696
3.878944
3.348509
5.793141
3.847837
2.547782
1.843436
2.335120
3.546385
1.516850
4.200727
4.581596
3.587402
2.827976
3.782657
2.468205
2.845262
1.698731
3.170138
2.344083
0.982115
2.134802
1.375270
2.115018
3.097486
3.442329
2.192371
2.733522
4.661548
2.512078
2.903223
3.207993
4.055389
1.970649
2.163923
1.742037
2.065802
2.829134
2.283628
4.365234
1.696966
3.453209
3.885002
4.418087
1.292838
2.291866
2.428065
1.186425
2.126448
2.700575
2.771685
1.976369
2.119278
4.131162
1.987143
1.795697
2.068190
4.260204
3.278381
4.140512
2.882449
2.464119
2.686649
2.043650
4.377120
3.076527
3.258714
5.869464
2.602231
1.834196
3.220645
4.178581
3.329754
2.658561
4.600111
3.102711
0.297030
2.935953
4.016587
2.804516
2.238760
1.481349
2.228572
3.107068
2.713806
3.013870
2.980427
3.194465
3.472698
2.207223
2.588400
2.029975
3.742586
2.622953
2.772443
2.709269
2.602194
2.851500
1.413223
1.923514
3.626632
1.107711
2.296663
3.993288
3.762050
3.243018
3.145168
1.898740
1.745487
3.210677
2.570278
3.968797
3.222888
2.340324
3.245147
6.293801
2.203138
3.085937
2.397272
4.485054
0.748045
2.840513
2.448327
3.878336
3.060703
2.509096
1.652453
2.730101
1.434301
2.927530
5.339816
2.440076
1.909122
1.169445
2.469767
3.228931
3.500935
2.701614
1.863958
2.587780
2.683006
2.666314
3.829667
1.161272
3.286039
3.461898
2.867487
2.894148
2.665579
2.678514
3.162263
5.528978
3.570413
3.143345
3.374417
2.757621
3.052548
3.037559
4.672414
2.323316
4.410071
0.622148
3.154237
5.024124
3.368674
3.159523
3.036095
1.796451
2.728679
2.346419
1.564994
3.082059
5.137199
2.159387
3.141646
2.001344
1.473155
1.888540
2.915926
3.540067
3.876197
2.658805
3.488186
1.743232
0.418648
2.186094
2.090704
3.740181
2.614576
1.505224
2.040137
2.299276
2.489726
3.418976
3.365510
2.805219
3.969511
2.410162
3.634693
1.653203
2.577374
2.399750
2.769426
2.032004
3.587824
4.561445
2.537944
1.775923
2.902205
4.441962
0.523067
6.713666
4.386857
3.929013
2.668787
2.246474
2.691118
3.244384
3.680546
2.871448
3.701513
1.651669
3.815717
3.328047
4.909827
3.985890
4.867007
0.758432
3.645898
3.061529
3.206058
3.176521
1.683223
3.379008
3.148346
4.222541
1.679034
2.837294
3.677250
4.467448
2.239424
1.517213
2.608837
2.396411
3.590983
2.328442
2.782493
1.778744
3.445925
2.567848
3.241622
4.558588
2.301751
2.842080
2.058795
2.255141
2.441495
3.997368
2.011436
2.016479
3.199512
3.766901
2.288614
1.176180
2.565481
4.284104
3.432179
2.463782
1.781591
4.112602
4.202175
2.649112
2.190348
3.808789
1.581220
3.385193
6.043366
3.864779
2.636705
3.227190
4.639622
3.135447
2.268879
2.466886
1.731003
3.342936
3.453101
2.420668
4.528780
3.734789
4.343440
1.217991
3.619099
5.134966
1.879086
3.282568
2.358687
2.684671
2.995183
2.794617
2.866141
4.130371
0.671824
2.916234
0.887424
2.485395
5.177601
3.503196
2.937972
3.713226
2.153526
3.570489
2.487160
3.972360
3.174156
2.834594
2.642428
2.312389
4.334183
4.192694
4.396007
1.827530
6.235997
2.293393
3.482460
2.859121
1.301393
3.226930
1.834390
3.404100
1.760885
4.354523
5.128695
3.131261
2.534448
3.100742
1.292967
1.698807
5.083004
0.868168
1.101182
4.434703
3.838023
4.447663
3.739286
2.380312
1.515425
2.745218
2.894784
2.278116
2.177804
2.245193
3.420552
2.501839
3.446070
3.489364
3.895669
2.124715
2.095990
3.356068
1.239870
2.081300
3.126589
5.501323
2.468998
2.609876
0.993614
2.732848
3.439651
2.264599
2.128497
3.153683
3.595920
2.806950
2.811443
3.332120
1.085205
0.528896
2.048312
2.173746
2.472698
3.384062
2.032580
4.470926
5.178761
3.008005
2.759963
6.241664
2.618786
2.951660
3.499273
1.730338
2.588388
2.008085
3.158557
3.642689
2.073195
2.657802
3.826178
2.837387
1.187906
3.533129
1.766428
1.744093
4.913162
2.691562
1.202970
0.889073
2.260043
4.854948
4.012331
3.584439
1.830943
2.694654
1.895961
2.609363
2.272567
1.967129
1.974378
3.987447
3.167173
1.470751
1.429647
2.539159
2.102514
2.086722
2.084091
3.504464
1.840952
1.691300
2.092397
3.111919
4.624557
3.147075
2.460010
2.766818
1.549634
3.193096
2.879603
1.885727
3.783316
3.551093
3.464433
2.572200
1.406812
2.855082
1.545654
1.641544
1.980170
4.647067
3.053944
4.363180
3.510155
3.473203
3.026832
3.224823
2.651111
2.474497
2.628698
2.299792
2.028316
1.271447
1.742960
4.211897
4.196557
1.948161
2.350455
3.295054
1.796080
3.733611
2.816982
3.522423
2.107852
0.930397
3.013966
3.907076
3.002916
5.176123
5.181394
3.255773
3.745348
5.095847
2.966086
2.349219
4.015313
2.966500
2.057114
2.181031
1.089175
1.522285
2.971909
3.229497
2.289470
2.319406
1.636590
4.622257
2.867531
3.684875
2.045767
2.935147
2.760058
1.826683
2.387213
5.313148
4.032606
1.960476
1.757817
2.529657
2.500767
1.694174
1.806153
1.413290
4.328441
3.654451
2.125788
5.674736
1.006504
0.528794
3.154754
2.629928
4.543742
3.234956
3.800129
2.281446
3.248055
2.757564
4.398598
2.504186
1.620092
3.296488
3.394613
2.396532
5.475922
3.627892
2.345683
1.701378
2.178649
3.111006
4.130553
1.827129
4.891095
2.629191
2.872626
5.452154
3.859095
3.878661
1.380968
5.629759
1.857244
2.421175
3.334790
3.208038
3.161816
3.037937
2.983850
3.457486
3.061495
1.343463
2.710851
2.661992
2.473016
2.597107
3.504994
3.129653
2.552136
3.110771
1.193625
2.743893
4.774696
3.760718
5.210507
2.020328
5.630334
1.395217
3.057105
2.549144
2.098435
2.226237
3.134178
1.058868
1.835713
4.332246
2.896453
2.320403
1.724775
3.302654
2.474429
3.087269
2.797648
2.698531
3.410732
2.509331
3.380608
2.908871
3.673679
1.411688
3.423150
3.211640
2.824872
3.754719
4.320133
2.956101
2.766812
2.139192
5.322616
3.416605
2.077074
1.622497
3.004895
2.350727
2.620738
1.992848
2.497664
3.134043
3.042326
1.449869
4.277828
1.795615
3.623927
3.528583
3.226171
4.382463
2.969693
2.755998
3.827915
0.855663
3.016273
3.567770
2.355399
3.263549
1.866367
2.007456
2.572407
3.278778
3.903474
1.910397
3.686096
4.236095
5.029273
3.190498
4.083602
3.082245
3.237304
3.915440
2.810963
2.778620
4.295702
1.253520
1.914855
2.300285
2.365320
5.303007
2.338972
0.603610
3.804332
2.740574
0.902015
5.466242
3.151818
2.697356
3.739997
1.802072
1.794731
1.414091
4.573531
2.267521
3.837716
3.904309
1.956488
1.715137
2.936286
3.541117
3.451595
1.722155
5.022205
2.480379
3.926523
2.731090
2.993092
2.639141
2.033127
3.608893
3.177558
3.916193
4.320005
1.875119
0.269497
2.618877
4.399364
2.244197
3.370596
1.812082
2.076508
2.827899
4.464278
2.817448
1.331604
2.218248
2.351476
1.578738
1.166864
3.183441
1.959666
3.345200
2.219820
4.023492
3.374011
2.791536
1.291220
1.841857
2.476860
3.205718
2.325802
3.379670
0.919526
5.220766
2.723200
3.343305
1.720190
4.202069
2.940146
1.982213
4.430835
2.354168
3.292849
1.675465
1.969894
3.910954
2.473882
5.482880
5.371903
4.106543
1.941807
3.054890
3.699897
2.418441
3.145650
2.583659
1.144935
1.809472
3.408666
4.309010
3.360470
2.940526
2.579941
3.210226
2.325924
4.494079
2.036932
2.330047
1.683062
3.409501
4.417324
0.524578
2.569081
2.495130
3.580631
3.257699
2.188939
3.519289
2.254882
2.667415
3.858983
4.106461
2.390677
4.023376
2.085929
4.259558
3.075297
3.165559
3.472568
2.977122
1.717117
3.822758
2.025975
3.206501
2.418982
2.414352
3.423748
2.418343
3.336188
1.614343
3.212990
1.988890
0.446555
1.126872
3.785160
3.087401
4.366914
0.746292
0.793750
3.494273
1.566593
3.527436
1.997302
3.272238
4.911027
2.749018
2.874693
3.063465
1.289659
2.473754
1.031849
1.405779
3.457884
3.651259
1.343899
3.168570
2.390186
1.356100
2.516691
3.060759
2.206298
1.819046
3.109246
3.173848
2.704733
4.694825
1.404304
4.147688
3.372400
1.081779
