2.344119
1.047779
4.709503
1.481008
3.787609
2.977061
1.665491
2.349571
3.712930
4.218944
2.403031
2.875265
2.610833
2.344107
2.478287
2.573010
2.817305
2.066950
1.922503
3.647583
1.163739
4.200990
3.642147
3.004075
3.308269
2.418784
1.175956
4.728357
3.223179
3.145687
1.326017
4.663584
2.945934
3.200440
2.260991
0.698143
4.353615
1.374101
3.645754
3.449837
3.274992
3.644937
1.982743
5.298892
4.245853
1.737351
2.808302
1.599274
3.109663
3.425652
6.209234
3.707677
5.874206
1.270286
4.197758
3.093406
2.056291
3.381324
3.277661
2.852438
2.786328
1.421221
2.000069
3.623941
2.395527
3.989413
2.757933
3.467392
2.881781
3.086719
2.333017
2.675337
3.991345
2.590708
2.400809
3.266796
2.433669
2.496634
3.244113
3.501966
3.294455
3.191095
2.615271
1.812230
3.817189
2.702946
2.486185
5.330959
3.193450
1.626966
2.803085
3.451396
2.902444
2.942419
3.668045
3.353009
2.310595
4.403410
3.246760
3.025632
2.030203
1.152988
3.444324
2.723199
2.152080
1.746762
2.579512
3.012700
2.517618
3.530985
3.008130
3.631051
2.720085
4.308937
2.454210
1.480037
3.923325
0.796346
3.267449
2.067245
6.333304
3.437121
3.679558
2.769911
3.866986
2.759906
1.532028
2.415603
4.733752
3.621212
3.309394
3.223339
4.876071
3.551992
2.320754
3.494566
3.349096
2.663375
6.345462
2.380973
2.469437
2.117498
4.565721
4.463629
3.236996
2.508750
2.001363
4.386691
3.642218
3.948985
6.986526
3.797567
2.056689
2.435112
3.280293
2.488369
2.486726
3.880840
3.991937
2.607966
4.189623
2.574428
1.047578
1.756087
3.410539
2.687135
1.891713
3.997105
7.898247
2.622135
3.680589
3.881713
4.079154
1.923225
3.043410
2.310832
2.398838
1.601824
3.179197
3.300831
3.113024
5.277415
3.768058
2.719460
1.821040
2.676210
4.082858
0.779062
3.657493
5.181787
3.359927
2.355949
2.956498
2.089243
3.585271
2.049115
3.119348
2.365421
1.016364
1.802834
1.854714
2.562950
4.076691
4.036727
2.027954
2.958239
3.088136
2.718790
3.694272
2.899073
4.025387
2.531210
2.686279
1.739534
2.386461
3.236765
2.473722
4.315166
2.203196
3.076498
2.344358
4.324033
1.880710
2.291762
4.037706
2.931114
2.187794
3.127734
2.134059
2.284378
2.227596
4.661310
1.456472
2.671988
2.803657
5.358420
3.642390
3.166312
2.826812
2.650936
2.585051
1.396687
4.243685
2.277943
3.949223
6.483365
3.536733
1.797183
4.038721
4.063264
2.704010
3.569184
4.389665
3.399542
0.747833
3.547155
3.947530
2.486232
1.470993
2.095908
1.826924
2.432200
2.768084
2.706290
3.276397
2.859151
4.508338
2.875092
2.976154
3.529917
3.011796
3.999078
3.174883
3.725947
2.751803
1.934481
2.465546
2.453801
3.132938
1.939433
2.845354
2.786973
3.490258
3.593727
2.871283
2.320343
2.672157
3.128613
3.187567
2.942119
3.340874
2.861461
2.835003
4.666147
2.139570
3.227556
2.746378
3.168508
0.857425
3.993028
2.909446
3.785681
4.061847
2.600268
1.590103
2.377567
2.363814
3.211673
5.378513
1.638093
1.842547
1.713010
3.650310
4.084856
3.512657
4.189004
2.304607
2.761838
2.351738
3.323466
3.003556
1.397938
3.398366
4.652608
2.727845
3.611541
3.258850
2.441963
3.125674
3.898698
2.904884
3.393784
2.215394
3.282902
3.043252
3.409542
3.627349
2.797732
3.272658
0.668297
3.270270
5.339133
3.563859
3.465795
3.521579
2.304730
2.264956
4.017663
1.827718
2.622882
5.066881
2.813835
3.040771
2.171799
1.788026
3.240499
3.736187
3.223093
3.176434
3.416116
2.597935
1.779068
1.445207
2.198188
2.990835
2.659461
3.693374
2.307978
2.018626
2.495378
2.277556
2.384343
2.898882
2.901383
4.186197
2.266043
4.169612
1.972966
2.922176
2.656667
3.644044
2.236409
3.079395
4.746515
2.002513
1.618749
2.464083
3.410240
0.472057
3.654875
3.427270
3.924930
2.645967
2.821706
2.065253
3.073573
3.469030
2.203209
5.246040
1.503679
4.179383
3.709941
6.776627
3.850411
4.416460
0.897612
3.917961
2.915149
3.552891
3.023702
1.894504
2.868624
3.431037
3.973864
1.912624
1.936813
3.908709
3.880174
2.988959
1.371845
3.263040
2.628012
3.910269
2.197746
4.478110
2.385947
3.667533
2.386969
4.117781
4.076104
2.757065
2.470914
2.323103
1.336027
1.798282
3.503153
1.584225
2.280733
3.560578
4.391312
2.627314
1.286194
2.794196
4.197029
2.670228
3.214554
2.170269
5.464972
4.103254
2.601875
3.670808
3.976996
1.494819
2.103412
6.095160
3.668240
3.175678
4.510483
4.771394
2.760059
2.222000
2.499038
1.250108
3.909217
3.221020
3.212033
4.161480
3.295318
4.791259
1.551417
3.383655
4.465791
2.028619
3.725641
1.781322
3.228819
2.863061
1.550528
2.617082
3.331371
1.060906
3.095342
1.699717
2.598946
5.403880
3.461105
2.695963
4.014824
1.482777
3.962949
2.965523
3.657751
3.176625
3.113832
1.703454
2.825698
4.305413
3.475726
3.514724
2.155897
6.179035
1.983460
3.263174
2.470919
2.240042
1.979000
1.991742
3.680827
2.498271
3.802056
3.830974
3.137956
2.797721
2.630197
1.540079
1.542717
5.605348
1.337442
1.005606
4.453933
3.323360
4.424634
4.273789
2.975828
1.798880
2.589511
2.955220
2.260806
2.563150
2.208746
3.596883
3.069026
3.573102
3.846582
4.356934
1.941513
3.014767
3.696876
1.859801
1.988760
3.320999
5.221464
3.045837
2.956878
5.271030
4.426045
3.503492
2.314709
2.090363
3.397263
4.204260
1.819922
3.406623
3.760136
0.986914
0.651834
2.681393
2.068825
2.722997
2.914054
2.240462
4.497650
5.634226
2.851208
3.258806
4.565799
3.254797
2.188826
3.847407
1.935490
2.132311
2.585659
3.174175
2.432860
2.368349
3.337964
2.667578
3.435585
2.221261
3.302200
1.733219
2.530837
6.920885
2.958566
1.299795
1.254512
2.662382
4.439993
4.411968
3.407234
3.281960
2.697932
1.018008
2.782218
2.550851
3.752876
2.270419
3.876197
2.989158
1.653576
1.794334
2.870795
2.656101
1.908514
2.305668
3.469362
1.618351
2.138890
3.406190
2.993313
4.787641
3.233120
2.608291
2.163768
2.035562
2.706627
3.476769
1.809928
3.660981
3.383442
4.371812
2.553973
1.986727
2.250521
0.868478
2.042971
1.405334
4.700660
2.745399
3.527044
3.004542
3.187854
3.212615
5.625073
3.093494
2.285211
3.167482
1.958109
2.918865
1.053394
1.580584
3.167158
3.582130
1.618588
2.843238
2.866403
1.620999
3.626922
3.098802
2.937405
2.957882
1.420270
2.647405
3.197925
2.685070
4.144545
5.508682
3.139879
3.236739
4.052404
3.535556
2.794319
4.224538
1.702408
2.657169
2.952320
1.608000
2.862103
2.970038
4.039501
2.454702
2.464199
1.584810
3.482240
3.418868
2.953256
1.461469
2.144525
2.599855
1.812217
2.321302
4.985923
3.790802
1.897424
1.301459
3.201437
2.609883
1.817357
2.087032
1.131582
3.794457
2.907148
1.898012
4.603002
1.174322
1.579558
2.961117
2.945496
4.973031
2.102641
3.410319
2.152860
2.865418
3.149944
5.589870
2.676212
1.876081
3.441301
3.245214
3.029098
4.649736
3.432656
2.481286
1.623756
1.686462
2.651411
4.370063
1.897705
4.742311
2.247463
3.021843
4.867406
3.353009
3.529234
1.650234
7.066741
1.900121
3.263736
3.842936
2.871940
2.763799
2.293930
3.614450
3.993405
3.456459
1.911497
2.542342
2.230211
2.508441
2.607605
4.067590
3.323800
3.165073
2.126550
1.544037
2.813146
4.481905
3.682301
3.826266
2.665352
4.949408
1.823207
2.416601
3.270194
2.337989
1.828129
2.684451
0.956535
2.614624
4.202839
2.415700
3.017447
1.337982
3.842267
2.589205
2.845219
3.286125
2.554228
4.230798
2.108648
3.830210
2.655339
3.056018
2.355139
4.413126
4.131276
3.250841
4.295091
3.692671
2.757043
3.248460
3.421197
5.247552
3.669312
2.289649
2.331583
3.815190
1.672210
4.074250
1.805692
2.534078
2.297262
3.430943
1.130010
4.301507
1.856683
3.954110
3.662137
2.605189
3.371462
2.531266
2.485592
4.440395
1.391903
3.771595
6.458532
3.394093
3.395770
2.542545
1.706425
3.616321
3.153308
3.783358
1.405990
3.665457
3.862569
4.985233
2.300546
3.098087
3.143553
3.766291
3.832801
2.707793
3.519983
3.462202
1.359304
2.417759
2.193635
3.132280
4.394233
2.356765
1.089527
3.905808
3.093754
1.175890
5.413195
3.357972
3.105437
2.478669
1.633554
1.537805
1.779636
3.609523
1.992670
3.401887
3.809460
2.031157
2.284538
3.473321
3.369506
3.938675
1.903540
4.137822
2.551919
4.736262
2.365832
3.488785
2.576326
2.742204
3.740835
3.945648
3.435152
4.579785
2.152314
0.412120
2.311949
5.150980
2.125456
2.991653
1.675975
2.049155
2.401933
6.379360
3.344057
2.063630
3.337638
2.371138
2.143256
2.223371
2.563326
0.479271
2.940836
2.379075
3.312265
2.556618
3.105503
0.650557
2.220016
2.032542
2.593454
1.907607
3.303432
0.793278
5.057637
2.707120
2.727317
2.305324
3.775986
4.814149
1.938404
4.946664
2.766467
2.839821
1.939677
1.958254
3.428241
2.626537
4.727115
5.609963
3.573429
2.537434
2.990642
3.089513
2.314832
2.790026
2.876485
1.520840
1.672267
3.176439
4.000005
2.439742
2.424674
2.123359
3.853152
3.525317
4.477655
1.485990
2.350638
2.259459
3.707673
3.731942
0.510373
2.067315
2.098042
3.538847
2.388389
1.802374
2.766514
1.531633
3.752169
3.827431
3.264482
2.727678
3.145463
1.523702
2.836669
3.137011
3.341708
3.833540
3.306055
1.926412
3.631230
1.855026
3.304653
2.262342
2.313442
3.686711
1.900851
3.536299
0.949822
2.727183
1.866169
1.347030
1.269012
4.213605
2.598400
4.069717
0.971675
0.790348
4.248990
2.102987
3.028932
2.032457
3.362065
4.219490
3.173839
3.175062
3.724960
2.257240
1.928415
1.609351
1.862086
4.674316
3.377149
1.878257
3.358631
2.432436
1.961976
2.429401
3.394046
2.690789
2.009692
3.403221
3.175111
2.970567
4.391524
2.296878
3.881528
3.576173
1.438267
